
--Converted with ttyyuu12345's model to script plugin v4
function sandbox(var,func)
	local env = getfenv(func)
	local newenv = setmetatable({},{
		__index = function(self,k)
			if k=="script" then
				return var
			else
				return env[k]
			end
		end,
	})
	setfenv(func,newenv)
	return func
end
cors = {}
mas = Instance.new("Model",game:GetService("Lighting"))
Folder0 = Instance.new("Folder")
Model1 = Instance.new("Model")
Part2 = Instance.new("Part")
Motor6D3 = Instance.new("Motor6D")
Part4 = Instance.new("Part")
Motor6D5 = Instance.new("Motor6D")
Motor6D6 = Instance.new("Motor6D")
Motor6D7 = Instance.new("Motor6D")
Motor6D8 = Instance.new("Motor6D")
Motor6D9 = Instance.new("Motor6D")
Part10 = Instance.new("Part")
Part11 = Instance.new("Part")
Part12 = Instance.new("Part")
Part13 = Instance.new("Part")
Humanoid14 = Instance.new("Humanoid")
Folder15 = Instance.new("Folder")
Pants16 = Instance.new("Pants")
Shirt17 = Instance.new("Shirt")
Part18 = Instance.new("Part")
Part19 = Instance.new("Part")
SpecialMesh20 = Instance.new("SpecialMesh")
Weld21 = Instance.new("Weld")
Part22 = Instance.new("Part")
SpecialMesh23 = Instance.new("SpecialMesh")
Weld24 = Instance.new("Weld")
ForceField25 = Instance.new("ForceField")
Folder26 = Instance.new("Folder")
Part27 = Instance.new("Part")
Weld28 = Instance.new("Weld")
Part29 = Instance.new("Part")
Weld30 = Instance.new("Weld")
Part31 = Instance.new("Part")
Weld32 = Instance.new("Weld")
Part33 = Instance.new("Part")
SpecialMesh34 = Instance.new("SpecialMesh")
Weld35 = Instance.new("Weld")
Part36 = Instance.new("Part")
SpecialMesh37 = Instance.new("SpecialMesh")
Weld38 = Instance.new("Weld")
Part39 = Instance.new("Part")
SpecialMesh40 = Instance.new("SpecialMesh")
Weld41 = Instance.new("Weld")
Part42 = Instance.new("Part")
SpecialMesh43 = Instance.new("SpecialMesh")
Weld44 = Instance.new("Weld")
Part45 = Instance.new("Part")
ParticleEmitter46 = Instance.new("ParticleEmitter")
Trail47 = Instance.new("Trail")
Folder0.Name = "SLC"
Folder0.Parent = mas
Model1.Name = "LightCharacter"
Model1.Parent = Folder0
Model1.PrimaryPart = Part2
Part2.Name = "HumanoidRootPart"
Part2.Parent = Model1
Part2.CFrame = CFrame.new(8250.24609, -3575.6626, 64.4193802, -0.984808028, -0.173550457, -0.00584135577, -0.173550248, 0.982560575, 0.0667540953, -0.00584569992, 0.0667537153, -0.997752547)
Part2.Orientation = Vector3.new(-3.828000068664551, -179.6649932861328, -10.017000198364258)
Part2.Position = Vector3.new(8250.24609375, -3575.66259765625, 64.41938018798828)
Part2.Rotation = Vector3.new(-176.1719970703125, -0.33500000834465027, 170.00599670410156)
Part2.Color = Color3.new(0.498039, 0.498039, 0.498039)
Part2.Transparency = 1
Part2.Size = Vector3.new(2, 2, 1)
Part2.BottomSurface = Enum.SurfaceType.Smooth
Part2.BrickColor = BrickColor.new("Sand green")
Part2.CanCollide = false
Part2.Locked = true
Part2.TopSurface = Enum.SurfaceType.Smooth
Part2.brickColor = BrickColor.new("Sand green")
Motor6D3.Name = "RootJoint"
Motor6D3.Parent = Part2
Motor6D3.MaxVelocity = 0.10000000149011612
Motor6D3.C0 = CFrame.new(0, 0.032165695, -1.40600709e-09, -1, 8.44439185e-08, -2.26266756e-08, 3.53712012e-16, 0.258818984, 0.965925872, 8.74227766e-08, 0.965925872, -0.258819014)
Motor6D3.C1 = CFrame.new(0, 0, 0, -1, 8.74227268e-08, 1.01246907e-21, 3.82136712e-15, 4.37113528e-08, 1, 8.74227268e-08, 1, -4.37113599e-08)
Motor6D3.Part0 = Part2
Motor6D3.Part1 = Part4
Motor6D3.part1 = Part4
Part4.Name = "Torso"
Part4.Parent = Model1
Part4.CFrame = CFrame.new(8250.24023, -3575.6311, 64.421524, -0.984808028, -0.166125, -0.0505604595, -0.173550233, 0.931803465, 0.318784803, -0.00584569573, 0.322716445, -0.94647789)
Part4.Orientation = Vector3.new(-18.589000701904297, -176.94200134277344, -10.550999641418457)
Part4.Position = Vector3.new(8250.240234375, -3575.631103515625, 64.42152404785156)
Part4.Rotation = Vector3.new(-161.38600158691406, -2.8980000019073486, 170.4250030517578)
Part4.Color = Color3.new(0.498039, 0.498039, 0.498039)
Part4.Size = Vector3.new(2, 2, 1)
Part4.BottomSurface = Enum.SurfaceType.Smooth
Part4.BrickColor = BrickColor.new("Sand green")
Part4.Locked = true
Part4.Material = Enum.Material.SmoothPlastic
Part4.TopSurface = Enum.SurfaceType.Smooth
Part4.brickColor = BrickColor.new("Sand green")
Motor6D5.Name = "Left Hip"
Motor6D5.Parent = Part4
Motor6D5.MaxVelocity = 0.10000000149011612
Motor6D5.C0 = CFrame.new(-1, -1.13216567, 0, 0.342020154, 0.0818995982, -0.936116815, -0.163175911, 0.986236572, 0.0266664606, 0.925416589, 0.14363125, 0.350676835)
Motor6D5.C1 = CFrame.new(-0.5, 1, 0, -4.37113918e-08, -0, -1, 0, 1, -0, 1, 0, -4.37113918e-08)
Motor6D5.Part0 = Part4
Motor6D5.Part1 = Part10
Motor6D5.part1 = Part10
Motor6D6.Name = "Left Shoulder"
Motor6D6.Parent = Part4
Motor6D6.MaxVelocity = 0.10000000149011612
Motor6D6.C0 = CFrame.new(-1.00245762, 0.523578882, 0.0244561452, -0.0673661381, 0.0671040267, -0.995469153, -0.242154032, 0.966803789, 0.0815589428, 0.967896283, 0.246551186, -0.0488803275)
Motor6D6.C1 = CFrame.new(0.5, 0.499975681, 0, 0, 0, -1, 0, 1, 0, 1, 0, 0)
Motor6D6.Part0 = Part4
Motor6D6.Part1 = Part12
Motor6D6.part1 = Part12
Motor6D7.Name = "Right Shoulder"
Motor6D7.Parent = Part4
Motor6D7.MaxVelocity = 0.10000000149011612
Motor6D7.C0 = CFrame.new(1.0019027, 0.537878335, 0.0346295051, 2.47025964e-05, -0.0871481597, 0.996195376, -0.794666886, 0.60473454, 0.0529224835, -0.607045829, -0.791644692, -0.0692388117)
Motor6D7.C1 = CFrame.new(-0.5, 0.5, 0, 0, 0, 1, 0, 1, -0, -1, 0, 0)
Motor6D7.Part0 = Part4
Motor6D7.Part1 = Part13
Motor6D7.part1 = Part13
Motor6D8.Name = "Neck"
Motor6D8.Parent = Part4
Motor6D8.MaxVelocity = 0.10000000149011612
Motor6D8.C0 = CFrame.new(0, 1, 0, -0.996194601, -1.92179914e-06, -0.0871578082, -0.083380565, -0.291180104, 0.953027725, -0.0253804531, 0.956668317, 0.290071845)
Motor6D8.C1 = CFrame.new(0, -0.5, 0, -1, 8.74227268e-08, 1.01246907e-21, 3.82136712e-15, 4.37113528e-08, 1, 8.74227268e-08, 1, -4.37113599e-08)
Motor6D8.Part0 = Part4
Motor6D8.Part1 = Part18
Motor6D8.part1 = Part18
Motor6D9.Name = "Right Hip"
Motor6D9.Parent = Part4
Motor6D9.MaxVelocity = 0.10000000149011612
Motor6D9.C0 = CFrame.new(1, -1.13216567, 0, 0.173648208, -0.0686967075, 0.982408822, 0.254886985, 0.966708004, 0.022545591, -0.951251268, 0.246488214, 0.185377002)
Motor6D9.C1 = CFrame.new(0.5, 1, 0, -4.37113918e-08, 0, 1, 0, 1, 0, -1, 0, -4.37113918e-08)
Motor6D9.Part0 = Part4
Motor6D9.Part1 = Part11
Motor6D9.part1 = Part11
Part10.Name = "Left Leg"
Part10.Parent = Model1
Part10.CFrame = CFrame.new(8251.21484, -3577.61255, 64.0390625, -0.899735034, -0.251755983, -0.356506109, -0.299101651, 0.950552404, 0.0836031884, 0.317829937, 0.181852192, -0.930545211)
Part10.Orientation = Vector3.new(-4.796000003814697, -159.03700256347656, -17.466999053955078)
Part10.Position = Vector3.new(8251.21484375, -3577.612548828125, 64.0390625)
Part10.Rotation = Vector3.new(-174.86599731445312, -20.88599967956543, 164.3679962158203)
Part10.Color = Color3.new(0.498039, 0.498039, 0.498039)
Part10.Size = Vector3.new(1, 2, 1)
Part10.BottomSurface = Enum.SurfaceType.Smooth
Part10.BrickColor = BrickColor.new("Sand green")
Part10.CanCollide = false
Part10.Locked = true
Part10.Material = Enum.Material.SmoothPlastic
Part10.TopSurface = Enum.SurfaceType.Smooth
Part10.brickColor = BrickColor.new("Sand green")
Part11.Name = "Right Leg"
Part11.Parent = Model1
Part11.CFrame = CFrame.new(8250.03906, -3577.80566, 64.0581894, -0.980602264, -0.105403863, 0.165257588, -0.0903938562, 0.991280913, 0.0958765596, -0.1739223, 0.0790784955, -0.981579423)
Part11.Orientation = Vector3.new(-5.501999855041504, 170.4429931640625, -5.210000038146973)
Part11.Position = Vector3.new(8250.0390625, -3577.8056640625, 64.05818939208984)
Part11.Rotation = Vector3.new(-174.42100524902344, 9.51200008392334, 173.86500549316406)
Part11.Color = Color3.new(0.498039, 0.498039, 0.498039)
Part11.Size = Vector3.new(1, 2, 1)
Part11.BottomSurface = Enum.SurfaceType.Smooth
Part11.BrickColor = BrickColor.new("Sand green")
Part11.CanCollide = false
Part11.Locked = true
Part11.Material = Enum.Material.SmoothPlastic
Part11.TopSurface = Enum.SurfaceType.Smooth
Part11.brickColor = BrickColor.new("Sand green")
Part12.Name = "Left Arm"
Part12.Parent = Model1
Part12.CFrame = CFrame.new(8251.74316, -3575.32886, 64.5732803, -0.969268441, -0.239160597, 0.0576332696, -0.233178496, 0.967821956, 0.0946020633, -0.0784037709, 0.0782559961, -0.993845761)
Part12.Orientation = Vector3.new(-5.427999973297119, 176.68099975585938, -13.545999526977539)
Part12.Position = Vector3.new(8251.7431640625, -3575.328857421875, 64.57328033447266)
Part12.Rotation = Vector3.new(-174.56300354003906, 3.303999900817871, 166.13999938964844)
Part12.Color = Color3.new(0.498039, 0.498039, 0.498039)
Part12.Size = Vector3.new(1, 2, 1)
Part12.BottomSurface = Enum.SurfaceType.Smooth
Part12.BrickColor = BrickColor.new("Sand green")
Part12.CanCollide = false
Part12.Locked = true
Part12.Material = Enum.Material.SmoothPlastic
Part12.TopSurface = Enum.SurfaceType.Smooth
Part12.brickColor = BrickColor.new("Sand green")
Part13.Name = "Right Arm"
Part13.Parent = Model1
Part13.CFrame = CFrame.new(8248.65625, -3575.52881, 64.1223984, -0.986352205, 0.0253885984, -0.16268222, -0.145648867, 0.32625398, 0.933994591, 0.0767885074, 0.944941401, -0.318103224)
Part13.Orientation = Vector3.new(-69.06600189208984, -152.91400146484375, -24.05699920654297)
Part13.Position = Vector3.new(8248.65625, -3575.52880859375, 64.12239837646484)
Part13.Rotation = Vector3.new(-108.80799865722656, -9.36299991607666, -178.5260009765625)
Part13.Color = Color3.new(0.498039, 0.498039, 0.498039)
Part13.Size = Vector3.new(1, 2, 1)
Part13.BottomSurface = Enum.SurfaceType.Smooth
Part13.BrickColor = BrickColor.new("Sand green")
Part13.CanCollide = false
Part13.Locked = true
Part13.Material = Enum.Material.SmoothPlastic
Part13.TopSurface = Enum.SurfaceType.Smooth
Part13.brickColor = BrickColor.new("Sand green")
Humanoid14.Parent = Model1
Humanoid14.DisplayDistanceType = Enum.HumanoidDisplayDistanceType.None
Humanoid14.Health = 1
Humanoid14.LeftLeg = Part10
Humanoid14.MaxHealth = 999
Humanoid14.MaxSlopeAngle = 89.9000015258789
Humanoid14.RightLeg = Part11
Humanoid14.Torso = Part2
Humanoid14.WalkSpeed = 50
Humanoid14.maxHealth = 999
Folder15.Name = "Effects"
Folder15.Parent = Model1
Pants16.Name = "SuitPants"
Pants16.Parent = Model1
Pants16.PantsTemplate = "http://www.roblox.com/asset/?id=424584709"
Shirt17.Name = "SuitShirt"
Shirt17.Parent = Model1
Shirt17.ShirtTemplate = "http://www.roblox.com/asset/?id=424584670"
Part18.Name = "Head"
Part18.Parent = Model1
Part18.CFrame = CFrame.new(8250.03027, -3574.20142, 64.7610016, -0.996195257, -0.0871541873, 4.68268991e-06, -0.0871045887, 0.995631337, 0.0336489975, -0.00293729454, 0.0335206091, -0.999433994)
Part18.Orientation = Vector3.new(-1.9279999732971191, 180, -5)
Part18.Position = Vector3.new(8250.0302734375, -3574.201416015625, 64.76100158691406)
Part18.Rotation = Vector3.new(-178.07200622558594, 0, 175)
Part18.Color = Color3.new(0.498039, 0.498039, 0.498039)
Part18.Transparency = 1
Part18.Size = Vector3.new(2, 1, 1)
Part18.BottomSurface = Enum.SurfaceType.Smooth
Part18.BrickColor = BrickColor.new("Sand green")
Part18.CanCollide = false
Part18.Locked = true
Part18.Material = Enum.Material.Neon
Part18.TopSurface = Enum.SurfaceType.Smooth
Part18.brickColor = BrickColor.new("Sand green")
Part19.Name = "NeonParts"
Part19.Parent = Part18
Part19.CFrame = CFrame.new(8250.03027, -3574.20142, 64.7610016, -0.996195257, -0.0871541873, 4.68268991e-06, -0.0871045887, 0.995631337, 0.0336489975, -0.00293729454, 0.0335206091, -0.999433994)
Part19.Orientation = Vector3.new(-1.9279999732971191, 180, -5)
Part19.Position = Vector3.new(8250.0302734375, -3574.201416015625, 64.76100158691406)
Part19.Rotation = Vector3.new(-178.07200622558594, 0, 175)
Part19.Color = Color3.new(0.972549, 0.972549, 0.972549)
Part19.Size = Vector3.new(1.1700010299682617, 1.1700010299682617, 1.16998291015625)
Part19.BrickColor = BrickColor.new("Institutional white")
Part19.CanCollide = false
Part19.Locked = true
Part19.Material = Enum.Material.Neon
Part19.brickColor = BrickColor.new("Institutional white")
SpecialMesh20.Parent = Part19
SpecialMesh20.MeshId = "rbxassetid://18679047918"
SpecialMesh20.MeshType = Enum.MeshType.FileMesh
Weld21.Parent = Part19
Weld21.C1 = CFrame.new(0, 0, 0, 1, 4.44082434e-16, 0, -4.44082434e-16, 1, 0, 0, 0, 1)
Weld21.Part0 = Part18
Part22.Name = "Outer"
Part22.Parent = Part18
Part22.CFrame = CFrame.new(8250.03223, -3574.20166, 64.7705994, -4.64044342e-06, -0.0871541873, -0.996195257, -0.0336489789, 0.995631337, -0.0871045887, 0.999433994, 0.0335205942, -0.00293725077)
Part22.Orientation = Vector3.new(4.997000217437744, -90.16899871826172, -1.9359999895095825)
Part22.Position = Vector3.new(8250.0322265625, -3574.20166015625, 64.77059936523438)
Part22.Rotation = Vector3.new(91.93099975585938, -85, 90.00299835205078)
Part22.Color = Color3.new(0.498039, 0.498039, 0.498039)
Part22.Size = Vector3.new(1.19998300075531, 1.1999729871749878, 1.1999889612197876)
Part22.BrickColor = BrickColor.new("Sand green")
Part22.CanCollide = false
Part22.Locked = true
Part22.Material = Enum.Material.SmoothPlastic
Part22.brickColor = BrickColor.new("Sand green")
SpecialMesh23.Parent = Part22
SpecialMesh23.MeshId = "rbxassetid://18679062079"
SpecialMesh23.MeshType = Enum.MeshType.FileMesh
Weld24.Parent = Part22
Weld24.C0 = CFrame.new(0, 0, 0, -1, 0, -8.74227766e-08, 0, 1, 0, 8.74227766e-08, 0, -1)
Weld24.C1 = CFrame.new(-0.00959974155, 0, 0.0018081665, -4.37124825e-08, 1.48886556e-08, 1, 1.01462689e-15, 1, -1.48886556e-08, -1, 3.63806818e-16, -4.37124825e-08)
Weld24.Part0 = Part18
ForceField25.Parent = Model1
ForceField25.Visible = false
Folder26.Name = "MegaGunnModel"
Folder26.Parent = Model1
Part27.Name = "Joint"
Part27.Parent = Folder26
Part27.CFrame = CFrame.new(8248.60547, -3576.00244, 63.2290115, -0.986352205, 0.148215905, 0.0717070624, -0.145648867, -0.988530695, 0.0398287475, 0.0767885074, 0.0288410187, 0.996626198)
Part27.Orientation = Vector3.new(-2.2829999923706055, 4.114999771118164, -171.6179962158203)
Part27.Position = Vector3.new(8248.60546875, -3576.00244140625, 63.22901153564453)
Part27.Rotation = Vector3.new(-2.2890000343322754, 4.111999988555908, -171.45399475097656)
Part27.Transparency = 1
Part27.Size = Vector3.new(1.0039602518081665, 1.0039602518081665, 1.0039602518081665)
Part27.BottomSurface = Enum.SurfaceType.Smooth
Part27.CanCollide = false
Part27.Locked = true
Part27.TopSurface = Enum.SurfaceType.Smooth
Weld28.Parent = Part27
Weld28.C0 = CFrame.new(0.049999997, -1, -0.150000006, 1, -0, 0, 0, -0.291495591, 0.956567764, -0, -0.956567764, -0.291495591)
Weld28.Part0 = Part13
Weld28.Part1 = Part27
Weld28.part1 = Part27
Part29.Name = "Hole"
Part29.Parent = Folder26
Part29.CFrame = CFrame.new(8248.59473, -3577.65601, 59.9423904, 0.0717071071, 0.148215905, 0.986352205, 0.039828755, -0.988530695, 0.145648867, 0.996626198, 0.0288410187, -0.0767885521)
Part29.Orientation = Vector3.new(-8.375, 94.4520034790039, 177.6929931640625)
Part29.Position = Vector3.new(8248.5947265625, -3577.656005859375, 59.94239044189453)
Part29.Rotation = Vector3.new(-117.79900360107422, 80.52300262451172, -64.18199920654297)
Part29.Transparency = 1
Part29.Size = Vector3.new(0.20079202950000763, 0.20079202950000763, 0.20079202950000763)
Part29.BottomSurface = Enum.SurfaceType.Smooth
Part29.CanCollide = false
Part29.Locked = true
Part29.TopSurface = Enum.SurfaceType.Smooth
Weld30.Parent = Part29
Weld30.C1 = CFrame.new(3.34217167, -1.53814697, -0.00110816956, -4.37113883e-08, 0, 1, 0, 1, 0, -1, 0, -4.37113883e-08)
Weld30.Part0 = Part27
Weld30.Part1 = Part29
Weld30.part1 = Part29
Part31.Name = "Hole2"
Part31.Parent = Folder26
Part31.CFrame = CFrame.new(8248.17871, -3577.88696, 54.1619415, 0.0717071071, 0.148215905, 0.986352205, 0.039828755, -0.988530695, 0.145648867, 0.996626198, 0.0288410187, -0.0767885521)
Part31.Orientation = Vector3.new(-8.375, 94.4520034790039, 177.6929931640625)
Part31.Position = Vector3.new(8248.1787109375, -3577.886962890625, 54.16194152832031)
Part31.Rotation = Vector3.new(-117.79900360107422, 80.52300262451172, -64.18199920654297)
Part31.Transparency = 1
Part31.Size = Vector3.new(0.20079202950000763, 0.20079202950000763, 0.20079202950000763)
Part31.BottomSurface = Enum.SurfaceType.Smooth
Part31.CanCollide = false
Part31.Locked = true
Part31.TopSurface = Enum.SurfaceType.Smooth
Weld32.Parent = Part31
Weld32.C1 = CFrame.new(9.14218998, -1.53814697, -0.00110816956, -4.37113883e-08, 0, 1, 0, 1, 0, -1, 0, -4.37113883e-08)
Weld32.Part0 = Part27
Weld32.Part1 = Part31
Weld32.part1 = Part31
Part33.Name = "Base"
Part33.Parent = Folder26
Part33.CFrame = CFrame.new(8248.64746, -3577.3772, 61.1654053, -0.0540999323, 0.155509114, 0.986352205, 0.727160096, -0.670833647, 0.145648912, 0.684327424, 0.725114882, -0.0767885521)
Part33.Orientation = Vector3.new(-8.375, 94.4520034790039, 132.6929931640625)
Part33.Position = Vector3.new(8248.6474609375, -3577.377197265625, 61.1654052734375)
Part33.Rotation = Vector3.new(-117.79900360107422, 80.52300262451172, -109.18199920654297)
Part33.Color = Color3.new(1, 1, 1)
Part33.Size = Vector3.new(9.324540138244629, 8.58290958404541, 1.4686700105667114)
Part33.BrickColor = BrickColor.new("Institutional white")
Part33.CanCollide = false
Part33.Locked = true
Part33.Material = Enum.Material.Metal
Part33.brickColor = BrickColor.new("Institutional white")
SpecialMesh34.Parent = Part33
SpecialMesh34.MeshId = "rbxassetid://6080721391"
SpecialMesh34.Scale = Vector3.new(2.000000476837158, 2.0000007152557373, 2.0000009536743164)
SpecialMesh34.MeshType = Enum.MeshType.FileMesh
Weld35.Parent = Part33
Weld35.C1 = CFrame.new(2.41373444, 0.567920685, 0, 1.12379617e-08, -0.707106829, 0.707106829, -7.30561709e-08, 0.707106829, 0.707106829, -1, -5.96049574e-08, -4.3712074e-08)
Weld35.Part0 = Part27
Part36.Name = "GunAdditions"
Part36.Parent = Folder26
Part36.CFrame = CFrame.new(8248.8291, -3577.04199, 64.1426926, 0.0925052464, 0.136208057, -0.986352205, -0.876007199, -0.459772676, -0.145648867, -0.473335981, 0.877524137, 0.0767884701)
Part36.Orientation = Vector3.new(8.375, -85.5479965209961, -117.69300079345703)
Part36.Position = Vector3.new(8248.8291015625, -3577.0419921875, 64.14269256591797)
Part36.Rotation = Vector3.new(62.20100021362305, -80.52300262451172, -55.81800079345703)
Part36.Color = Color3.new(1, 1, 1)
Part36.Size = Vector3.new(4.125400066375732, 5.027339935302734, 1.2047390937805176)
Part36.BrickColor = BrickColor.new("Institutional white")
Part36.CanCollide = false
Part36.Locked = true
Part36.Material = Enum.Material.Metal
Part36.brickColor = BrickColor.new("Institutional white")
SpecialMesh37.Parent = Part36
SpecialMesh37.MeshId = "rbxassetid://18679068904"
SpecialMesh37.MeshType = Enum.MeshType.FileMesh
Weld38.Parent = Part36
Weld38.C0 = CFrame.new(0, 0.899999976, -0.5, -2.18556924e-08, 3.78551732e-08, 1, 0.866025448, 0.49999997, 0, -0.49999997, 0.866025448, -4.37113883e-08)
Weld38.C1 = CFrame.new(0.530899048, -1.29299164, -0.0013961792, 1, 0, 0, 0, 1, 0, 0, 0, 1)
Weld38.Part0 = Part27
Part39.Name = "NeonParts"
Part39.Parent = Folder26
Part39.CFrame = CFrame.new(8248.74414, -3577.34033, 62.0278625, -0.678513169, -0.731080353, -0.071706906, -0.730432749, 0.681817293, -0.0398287401, 0.0780094266, 0.02535321, -0.996626198)
Part39.Orientation = Vector3.new(2.2829999923706055, -175.88499450683594, -46.97200012207031)
Part39.Position = Vector3.new(8248.744140625, -3577.34033203125, 62.027862548828125)
Part39.Rotation = Vector3.new(177.71099853515625, -4.111999988555908, 132.86399841308594)
Part39.Color = Color3.new(0.972549, 0.972549, 0.972549)
Part39.Size = Vector3.new(2.0008599758148193, 2.2143499851226807, 8.927220344543457)
Part39.BrickColor = BrickColor.new("Institutional white")
Part39.CanCollide = false
Part39.Locked = true
Part39.Material = Enum.Material.Neon
Part39.brickColor = BrickColor.new("Institutional white")
SpecialMesh40.Parent = Part39
SpecialMesh40.MeshId = "rbxassetid://18679108664"
SpecialMesh40.VertexColor = Vector3.new(111111, 11111, 1111)
SpecialMesh40.MeshType = Enum.MeshType.FileMesh
Weld41.Parent = Part39
Weld41.C0 = CFrame.new(1.29999995, 1, -2.5, -0.207911655, -0.978147626, -1.50995803e-07, -0.978147626, 0.207911655, 0, 3.13937889e-08, 1.47696184e-07, -1)
Weld41.C1 = CFrame.new(0.850805283, 1.07305908, 1.2595787, -0.772622705, -0.634865463, -1.78418952e-13, 0.634865463, -0.772622705, 1.46607159e-13, -2.30926389e-13, -1.37642127e-20, 1)
Weld41.Part0 = Part27
Part42.Name = "Ultra-Fabulous Hair"
Part42.Parent = Model1
Part42.CFrame = CFrame.new(8249.84766, -3573.71631, 64.7773132, 0.996195436, -0.0871542096, -4.78047878e-06, 0.0871046036, 0.995631397, -0.0336490497, 0.00293737696, 0.0335206464, 0.999434114)
Part42.Orientation = Vector3.new(1.9279999732971191, 0, 5)
Part42.Position = Vector3.new(8249.84765625, -3573.71630859375, 64.77731323242188)
Part42.Rotation = Vector3.new(1.9279999732971191, 0, 5)
Part42.Color = Color3.new(1, 1, 1)
Part42.Size = Vector3.new(1.74399995803833, 1.5418449640274048, 1.4467949867248535)
Part42.BrickColor = BrickColor.new("Institutional white")
Part42.CanCollide = false
Part42.Locked = true
Part42.Material = Enum.Material.SmoothPlastic
Part42.brickColor = BrickColor.new("Institutional white")
SpecialMesh43.Parent = Part42
SpecialMesh43.MeshId = "rbxassetid://5589314244"
SpecialMesh43.MeshType = Enum.MeshType.FileMesh
Weld44.Parent = Part42
Weld44.C1 = CFrame.new(0.139995575, -0.499999046, 3.81469727e-06, -1.00000012, -1.09503162e-08, -8.33533704e-08, 8.02538125e-09, 1.00000012, -2.23517418e-08, 9.1502443e-08, 2.23517418e-08, -1.00000012)
Weld44.Part0 = Part18
Part45.Name = "SomeEffectIDK"
Part45.Parent = Folder0
Part45.CFrame = CFrame.new(8250.10547, -3576.03442, 70.0475769, 1, 0, 0, 0, 1, 0, 0, 0, 1)
Part45.Position = Vector3.new(8250.10546875, -3576.034423828125, 70.04757690429688)
Part45.Color = Color3.new(0, 0, 0)
Part45.Size = Vector3.new(1, 1, 1)
Part45.BottomSurface = Enum.SurfaceType.Smooth
Part45.BrickColor = BrickColor.new("Really black")
Part45.Locked = true
Part45.TopSurface = Enum.SurfaceType.Smooth
Part45.brickColor = BrickColor.new("Really black")
Part45.Shape = Enum.PartType.Ball
ParticleEmitter46.Parent = mas
ParticleEmitter46.Speed = NumberRange.new(0.699999988079071, 0.699999988079071)
ParticleEmitter46.Rotation = NumberRange.new(180, 180)
ParticleEmitter46.Color = ColorSequence.new(Color3.new(0, 0, 0),Color3.new(1, 1, 1))
ParticleEmitter46.Texture = "rbxasset://textures/particles/smoke_main.dds"
ParticleEmitter46.Transparency = NumberSequence.new(0,1)
ParticleEmitter46.Size = NumberSequence.new(0.10178089141845703,0)
ParticleEmitter46.Acceleration = Vector3.new(0, -0.30000001192092896, 0)
ParticleEmitter46.Drag = 5
ParticleEmitter46.LockedToPart = true
ParticleEmitter46.Rate = 16
ParticleEmitter46.RotSpeed = NumberRange.new(360, 360)
ParticleEmitter46.SpreadAngle = Vector2.new(8, 6)
ParticleEmitter46.VelocityInheritance = 1
ParticleEmitter46.VelocitySpread = 8
Trail47.Parent = Part45
Trail47.Attachment0 = nil
Trail47.Attachment1 = nil
Trail47.Color = ColorSequence.new(Color3.new(0, 0, 0),Color3.new(1, 1, 1))
Trail47.FaceCamera = true
Trail47.Transparency = NumberSequence.new(0,0.09999996423721313,0.36250001192092896,0.668749988079071,1)
Trail47.MinLength = 0
Trail47.WidthScale = NumberSequence.new(1,0)
Part2.CustomPhysicalProperties = PhysicalProperties.new(100, 0.300000012, 0.5, 1, 1)
Part4.CustomPhysicalProperties = PhysicalProperties.new(100, 0.300000012, 0.5, 1, 1)
Part10.CustomPhysicalProperties = PhysicalProperties.new(100, 0.300000012, 0.5, 1, 1)
Part11.CustomPhysicalProperties = PhysicalProperties.new(100, 0.300000012, 0.5, 1, 1)
Part12.CustomPhysicalProperties = PhysicalProperties.new(100, 0.300000012, 0.5, 1, 1)
Part13.CustomPhysicalProperties = PhysicalProperties.new(100, 0.300000012, 0.5, 1, 1)
Part18.CustomPhysicalProperties = PhysicalProperties.new(100, 0.300000012, 0.5, 1, 1)
for i,v in pairs(mas:GetChildren()) do
	v.Parent = script
	pcall(function() v:MakeJoints() end)
end
mas:Destroy()
for i,v in pairs(cors) do
	spawn(function()
		pcall(v)
	end)
end
wait(1)
warn([[

	Oh my goodness! Lightning Cannon for Lua Sandbox?
	
	My life is fulfilled!

	- Created by typicaalusername. Keep Yourself Safe.

]])

local BaseConnections = {}
local TempConnections = {}

local function addCon(tba,lol)
	table.insert(tba,lol)
end

local function disconnectTable(tab)
	for i,v in tab do
		pcall(function()
			v:Disconnect()
		end)
	end
	table.clear(tab)
end

script.Parent = game:GetService("MaterialService")
script.Name = "LightningCannon_typicaal"..owner.UserId --// Changing this will result in everything exploding.
local Assets = script
local folderofcrap = Instance.new("Folder")
table.foreach(Assets:Get("SLC"):GetChildren(), function(i,v)
	local lol = v:Clone()
	lol.Parent = folderofcrap
end)

folderofcrap["LightCharacter"].Name = "Character"

local function getLerp(lerp,delta)
	local delta = delta*60
	local cuh = 1-lerp
	return 1-cuh ^ delta
end

for i,v in folderofcrap:GetChildren() do
	v.Parent = script
end

local function ArtificialRemoteEvent()
	local FakeEvent1 = Instance.new("BindableEvent")
	return {
		FireServer = function(self, ...) FakeEvent1:Fire("Player",...) end;
		OnServerEvent = FakeEvent1.Event;
	}
end

function swait(num)
	if num == 0 or num == nil then
		game:GetService("RunService").Heartbeat:Wait()
	else
		for i = 1,num do
			game:GetService("RunService").Heartbeat:Wait()
		end
	end
end

Swait = swait

local stopeverything = false
game:GetService("RunService").PostSimulation:Wait()
local function randomstring()
	local length = math.random(10,20)
	local array = {}
	for i = 1,length do
		array[i] = string.char(math.random(32,126))
	end
	return table.concat(array)
end

local lplr = owner
local sine = 0
local USERNAME = owner.Name
local peoplez = {1191576743,1823895019,87867914,1308783007,112192467,732341111,115130006,1710676584,1442214824,1615916525,1442218084,1673231425,1310685079,1087181414,984151503,1442167487,1587587028,1441994738,1129585258,1129586211,275036820,1087264812,1087241085,1318469264,1622394251,663322373,1664828681,930999813,1442217078,1442208195,1340979865,1444403544,1664860157,1442285617,1442213697,1442218738,1442229346,1442213021,1124518548,1129587486,1186716325}
local owners = {0,1823895019,0,1308783007,0,0,0,1710676584,1442214824,1615916525,1442218084,1673231425,1310685079,1087181414,984151503,1442167487,1587587028,1441994738,1129585258,1129586211,275036820,1087264812,1087241085,1318469264,1622394251,663322373,1664828681,930999813,1442217078,1442208195,1340979865,1444403544,1664860157,1442285617,1442213697,1442218738,1442229346,1442213021,1124518548,1129587486,1186716325}
local isowner = false
local rickrolling = false
local USERID = owner.UserId

local Player = game:GetService("Players"):FindFirstChild(USERNAME)

local AnimSync = {Value = 0}
local SongSync = {Value = 0}
local taunt = {Value = "None"}
local songid = {Value = "rbxassetid://13734554970"}
local attack = false

local walkspeed = 50
local TauntRemote = ArtificialRemoteEvent()

local songvolume = {Value = 1}
local songpitch = {Value = 1}
local eeevol = songvolume.Value

local eeepitch  = songpitch.Value

local ISFLYING = false

local antivoid = nil
local Character = script.Character:Clone()
Character.Name = owner.Name.."'s Lightning Cannon"
Character.Parent = workspace
local currentposition = owner.Character.HumanoidRootPart.CFrame
local ogCharacter = owner.Character
owner.Character = Character

local charpos = {Value = CFrame.new()}
local eeeblock = Instance.new("Part")
local Humanoid = Character.Humanoid
Humanoid:SetStateEnabled(Enum.HumanoidStateType.Dead,false)
local LeftArm = Character["Left Arm"]
local RightArm = Character["Right Arm"]
local LeftLeg = Character["Left Leg"]
local RightLeg = Character["Right Leg"]
local Head = Character.Head
local Torso = Character.Torso
local RootPart = Character.HumanoidRootPart
RootPart.CFrame = currentposition
local RootJoint = RootPart.RootJoint
local Neck = Torso["Neck"]
local RightShoulder = Torso["Right Shoulder"]
local LeftShoulder = Torso["Left Shoulder"]
local RightHip = Torso["Right Hip"]
local LeftHip = Torso["Left Hip"]
local Effects = Character.Effects
local Eyes = Head.NeonParts
local GUN = Character.MegaGunnModel
local GunJoint = GUN.Joint.Weld
local Hole = GUN.Hole
local Holetwo = GUN.Hole2
local shade = Character["Ultra-Fabulous Hair"].Color
local alreadyfixing = false
local eeeblock = Instance.new("Part")
eeeblock.Name = randomstring()
eeeblock.CanCollide = false
eeeblock.Anchored = true
eeeblock.Transparency = 1
eeeblock.CFrame = Torso.CFrame
eeeblock.Parent = Effects
local eee = Instance.new("Sound",eeeblock)
eee.Volume = eeevol
eee.Pitch = eeepitch
eee.SoundId = songid.Value
eee:Play()
eee.Name = randomstring()
eee.Looped = true
eee.TimePosition = SongSync.Value
local funny__ = Instance.new("ObjectValue", Character)
funny__.Value = eee
funny__.Name = "eeesoundval"
local SoundFixCons = {}
addCon(SoundFixCons,eee.DescendantAdded:Connect(function(v)
	if stopeverything then return end
	if v:IsA("SoundEffect") then
		v.Enabled = false
	end
	game:GetService("Debris"):AddItem(v,.01)
end))

addCon(BaseConnections,TauntRemote.OnServerEvent:Connect(function(plr,taunt2,tauntid)
	local tauntval = taunt
	local taunt = taunt2
	tauntval.Value = taunt
	if songid.Value ~= "rbxassetid://"..tostring(tauntid) then
		songid.Value = "rbxassetid://"..tostring(tauntid)
		eee.TimePosition = 0
	end
	songpitch.Value = 1
	if tauntid == 15986402753 or tauntid == 15990251056 or tauntid == 15986456953 or tauntid == 14005021606 or tauntid == 13672418875 then
		songvolume.Value = 3
		songpitch.Value = 1
	elseif tauntid == 15993696418 then
		songvolume.Value = 5
		songpitch.Value = .5
	else
		songvolume.Value = 1
		songpitch.Value = 1
	end
end))

function chatfunc(textt,glitchy)
	local text = string.gsub(textt,"​","")
	if string.lower(text) == ".stop" then
		stopeverything = true
		Character:Destroy()
		disconnectTable(BaseConnections)
		disconnectTable(SoundFixCons)
		disconnectTable(TempConnections)
		return
	end
	local chat = coroutine.wrap(function()
		local oldthing = eeeblock:FindFirstChild("TalkingBillBoard")
		if oldthing then
			oldthing:Destroy()
		end
		local sayingstuff = Instance.new("BillboardGui",eeeblock)
		sayingstuff.Size = UDim2.new(0,9999,2,0)
		sayingstuff.StudsOffset = Vector3.new(0,5,0)
		sayingstuff.Adornee = eeeblock
		sayingstuff.Name = "TalkingBillBoard"
		local sayingstuff2 = Instance.new("TextLabel",sayingstuff)
		sayingstuff2.BackgroundTransparency = 1
		sayingstuff2.BorderSizePixel = 0
		sayingstuff2.Text = ""
		sayingstuff2.Font = "Code"
		sayingstuff2.TextScaled = true
		sayingstuff2.TextStrokeTransparency = 0
		coroutine.resume(coroutine.create(function()
			while not stopeverything and sayingstuff2:IsDescendantOf(game) do
				local hBRUH,sBRUH,vBRUH = Color3.toHSV(GUN.NeonParts.Color)
				sayingstuff2.TextColor3 = Color3.fromHSV(hBRUH,sBRUH,vBRUH/2)
				swait()
			end
		end))
		sayingstuff2.TextStrokeColor3 = shade
		sayingstuff2.Size = UDim2.new(1,0,1,0)
		local sayingstuff3 = Instance.new("TextLabel",sayingstuff)
		sayingstuff3.BackgroundTransparency = 1
		sayingstuff3.BorderSizePixel = 0
		sayingstuff3.Text = ""
		sayingstuff3.Font = "Code"
		sayingstuff3.TextScaled = true
		sayingstuff3.TextStrokeTransparency = 0
		coroutine.resume(coroutine.create(function()
			while not stopeverything and sayingstuff3:IsDescendantOf(game) do
				sayingstuff3.TextColor3 = GUN.NeonParts.Color
				swait()
			end
		end))
		sayingstuff3.TextStrokeColor3 = shade
		sayingstuff3.Size = UDim2.new(1,0,1,0)
		coroutine.resume(coroutine.create(function()
			while not stopeverything and sayingstuff ~= nil do
				swait()
				if glitchy then
					local fonts = {"Antique","Arcade","Arial","ArialBold","Bodoni","Cartoon","Code","Fantasy","Garamond","Gotham","GothamBlack","GothamBold","GothamSemibold","Highway","SciFi","SourceSans","SourceSansBold","SourceSansItalic","SourceSansLight","SourceSansSemibold"}
					local randomfont = fonts[math.random(1,#fonts)]
					sayingstuff2.Font = randomfont
					sayingstuff3.Font = randomfont
				end
				sayingstuff2.Position = UDim2.new(0,math.random(-3,3),0,math.random(-3,3)) 
				sayingstuff3.Position = UDim2.new(0,math.random(-3,3),0,math.random(-3,3)) 
			end
		end))
		for i = 1,string.len(text) do
			swait(2)
			sayingstuff2.Text = string.sub(text,1,i)
			sayingstuff3.Text = string.sub(text,1,i)
		end
		swait(120)
		for i = 1,50 do
			swait()
			sayingstuff2.Position = sayingstuff2.Position - UDim2.new(0,math.random(-3,3),0,math.random(-3,3))
			sayingstuff3.Position = sayingstuff2.Position - UDim2.new(0,math.random(-3,3),0,math.random(-3,3)) 
			sayingstuff2.Rotation = sayingstuff2.Rotation + math.random(-2,2)
			sayingstuff3.Rotation = sayingstuff3.Rotation + math.random(-2,2)
			sayingstuff2.TextStrokeTransparency = i/50
			sayingstuff2.TextTransparency = sayingstuff2.TextStrokeTransparency
			sayingstuff3.TextStrokeTransparency = sayingstuff2.TextStrokeTransparency
			sayingstuff3.TextTransparency = sayingstuff2.TextStrokeTransparency
		end
		sayingstuff:Destroy()
	end)
	chat()
end
local ROOTC0 = CFrame.new(0,0,0) * CFrame.Angles(math.rad(-90),math.rad(0),math.rad(180))
local NECKC0 = CFrame.new(0,1,0) * CFrame.Angles(math.rad(-90),math.rad(0),math.rad(180))
local RIGHTSHOULDERC0 = CFrame.new(-0.5,0,0) * CFrame.Angles(math.rad(0),math.rad(90),math.rad(0))
local LEFTSHOULDERC0 = CFrame.new(0.5,0,0) * CFrame.Angles(math.rad(0),math.rad(-90),math.rad(0))
local BG = nil
local BV = nil
local soundfixing = false
local function soundfixer()
	soundfixing = true
	pcall(function()
		eeeblock:Destroy()
	end)
	pcall(function()
		eee:Destroy()
	end)
	eeeblock = Instance.new("Part")
	eeeblock.Name = randomstring()
	eeeblock.CanCollide = false
	eeeblock.Anchored = true
	eeeblock.Transparency = 1
	if not alreadyfixing then
		eeeblock.CFrame = Torso.CFrame
	end
	eeeblock.Parent = Effects
	eee = Instance.new("Sound",eeeblock)
	eee.Volume = eeevol
	eee.Pitch = eeepitch
	eee.SoundId = songid.Value
	eee:Play()
	eee.Name = randomstring()
	eee.Looped = true
	eee.TimePosition = SongSync.Value
	funny__.Value = eee
	addCon(SoundFixCons,eee.DescendantAdded:Connect(function(v)
		if stopeverything then return end
		if v:IsA("SoundEffect") then
			v.Enabled = false
		end
		game:GetService("Debris"):AddItem(v,.01)
	end))
	soundfixing = false
end
function roar()
	coroutine.resume(coroutine.create(function()
		attack = true
		walkspeed = 0
		local ree = CreateSound(435742675,Head,10,1,false)
		ree.EmitterSize = 10000
		coroutine.resume(coroutine.create(function()
			swait(60)
			mdmg(Head.Position,10000)
		end))
		repeat if stopeverything then return end
			local offset = Vector3.new(math.random(-10,10)/50,math.random(-10,10)/50,math.random(-10,10)/50)
			workspace.CurrentCamera.Focus = workspace.CurrentCamera.Focus + offset
			workspace.CurrentCamera.CFrame = workspace.CurrentCamera.CFrame + offset
			RootJoint.C0 = Clerp(RootJoint.C0,ROOTC0 * CFrame.new(0,0,3 - .5 * math.sin(sine/50)) * CFrame.Angles(math.rad(-45),math.rad(0),math.rad(0)),1)
			Neck.C0 = Clerp(Neck.C0,NECKC0 * CFrame.new(0,0,0) * CFrame.Angles(math.rad(-45+math.random(-5,5)),math.rad(math.random(-5,5)),math.rad(math.random(-5,5))),1)
			RightShoulder.C0 = Clerp(RightShoulder.C0,CFrame.new(1.5,0.5,0) * CFrame.Angles(math.rad(-45),math.rad(0),math.rad(0)) * RIGHTSHOULDERC0,1)
			LeftShoulder.C0 = Clerp(LeftShoulder.C0,CFrame.new(-1.5,0.5,0) * CFrame.Angles(math.rad(-45),math.rad(0),math.rad(0)) * LEFTSHOULDERC0,1)
			RightHip.C0 = Clerp(RightHip.C0,CFrame.new(1,-1,-0.01) * CFrame.Angles(math.rad(-45),math.rad(80),math.rad(0)),1)
			LeftHip.C0 = Clerp(LeftHip.C0,CFrame.new(-1,-1,-0.01) * CFrame.Angles(math.rad(-35),math.rad(-80),math.rad(0)),1)
			GunJoint.C0 = Clerp(GunJoint.C0,CFrame.new(.05,-1,-.15) * CFrame.Angles(math.rad(-90),math.rad(0),math.rad(0)),1)
			GUN.Base.Transparency = 1
			GUN.GunAdditions.Transparency = 1
			GUN.NeonParts.Transparency = 1
			game:GetService("RunService").PostSimulation:Wait()
		until ree.TimePosition >= 5 or not ree:IsDescendantOf(workspace)
		if ree:IsDescendantOf(workspace) then
			ree:Destroy()
			GUN.Base.Transparency = 0
			GUN.GunAdditions.Transparency = 0
			GUN.NeonParts.Transparency = 0
			walkspeed = 50
			attack = false
		end
	end))
end

local MouseRemote = Instance.new("RemoteEvent",script)
MouseRemote.Name = "MouseRemote"

local function SetupClient()
	return NLS([==[
		
		script.Enabled = false
		script:Remove()

	    local args = {...}
		local uhhhhicanexplain = args[1]
		
		owner.Character = workspace:WaitForChild(owner.Name.."'s Lightning Cannon")

		local mouse = game.Players.LocalPlayer:GetMouse()
		local remote1 = args[2]

		local input = function(io,a)
			if a then return end
			local io = {KeyCode=io.KeyCode,UserInputType=io.UserInputType,UserInputState=io.UserInputState}
			remote1:FireServer("i",io)
		end
		local fakecharthing = workspace:FindFirstChild(owner.Name.."'s Lightning Cannon")

	    local poop = os.clock()
	    game:GetService("RunService").RenderStepped:Connect(function()
	        fakecharthing = workspace:WaitForChild(owner.Name.."'s Lightning Cannon")
	        if os.clock() - poop >= 1/60 then
	            poop = os.clock()
				remote1:FireServer("m",{Hit = mouse.Hit, Target = mouse.Target})
				remote1:FireServer("c",{CFrame = workspace.CurrentCamera.CFrame})
				remote1:FireServer("playback", {PlaybackLoudness = fakecharthing:WaitForChild("eeesoundval").Value.PlaybackLoudness})
	        end
	    end)
		
		local curcam = workspace.CurrentCamera
		game:GetService("RunService").RenderStepped:Connect(function()
			curcam = workspace.CurrentCamera
			if curcam and fakecharthing then
				curcam.CameraSubject = fakecharthing:FindFirstChildOfClass("Humanoid")
			end
		end)

		game:GetService("UserInputService").InputBegan:Connect(input)
		game:GetService("UserInputService").InputEnded:Connect(input)
	]==],owner:FindFirstChildOfClass("PlayerGui"),script,MouseRemote)
end


local function characterfixer()
	alreadyfixing = true
	RootJoint.C0 = Clerp(RootJoint.C0,CFrame.new(0,9e9,0),1)
	Neck.C0 = Clerp(Neck.C0,CFrame.new(0,9e9,0),1)
	RightShoulder.C0 = Clerp(RightShoulder.C0,CFrame.new(0,9e9,0),1)
	LeftShoulder.C0 = Clerp(LeftShoulder.C0,CFrame.new(0,9e9,0),1)
	RightHip.C0 = Clerp(RightHip.C0,CFrame.new(0,9e9,0),1)
	LeftHip.C0 = Clerp(LeftHip.C0,CFrame.new(0,9e9,0),1)
	GunJoint.C0 = Clerp(GunJoint.C0,CFrame.new(0,9e9,0),1)
	local camerapos = workspace.CurrentCamera.CFrame
	local oldcolor = GUN.NeonParts.Color
	local headpos = charpos.Value.p
	pcall(function()
		Character:Destroy()
	end)
	for i = 1,50 do
		local a = Instance.new("Part")
		a.Name = randomstring()
		a.Anchored = true
		a.Position = headpos
		a.Shape = "Ball"
		a.Color = shade
		a.Material = "Neon"
		a.CastShadow = false
		a.Size = Vector3.new(i*2,i*2,i*2)
		a.CanCollide = false
		if isowner then
			a.Transparency = .99
		else
			a.Transparency = 1
		end
		a.Parent = workspace
		game:GetService("Debris"):AddItem(a,5-i/50)
	end
	Character = script.Character:Clone()
	Character.Name = owner.Name.."'s Lightning Cannon"
	Character.Parent = workspace
	Humanoid = Character.Humanoid
	Humanoid:SetStateEnabled(Enum.HumanoidStateType.Dead,false)
	if lplr.Name == USERNAME and false then
		workspace.CurrentCamera.CameraSubject = Humanoid
		workspace.CurrentCamera.CameraType = "Scriptable"
		workspace.CurrentCamera.CFrame = camerapos
		coroutine.resume(coroutine.create(function()
			swait(5)
			workspace.CurrentCamera.CameraType = "Custom"
		end))
	end
	LeftArm = Character["Left Arm"]
	RightArm = Character["Right Arm"]
	LeftLeg = Character["Left Leg"]
	RightLeg = Character["Right Leg"]
	Head = Character.Head
	Torso = Character.Torso
	RootPart = Character.HumanoidRootPart
	RootPart.CFrame = charpos.Value
	if lplr.Name == USERNAME then
